0.00000	2.52930
0.00020	2.71973
0.00040	2.86621
0.00060	2.96387
0.00080	3.02246
0.00100	3.02734
0.00120	2.98828
0.00140	2.89551
0.00160	2.76367
0.00180	2.58301
0.00200	2.36816
0.00220	2.10938
0.00240	1.82617
0.00260	1.50879
0.00280	1.16699
0.00300	0.81055
0.00320	0.43457
0.00340	0.05371
0.00360	-0.32715
0.00380	-0.69824
0.00400	-1.06445
0.00420	-1.41113
0.00440	-1.73828
0.00460	-2.03613
0.00480	-2.29980
0.00500	-2.52441
0.00520	-2.71484
0.00540	-2.86133
0.00560	-2.95898
0.00580	-3.01758
0.00600	-3.02246
0.00620	-2.98340
0.00640	-2.89063
0.00660	-2.75879
0.00680	-2.58301
0.00700	-2.36328
0.00720	-2.10938
0.00740	-1.81641
0.00760	-1.49902
0.00780	-1.15723
0.00800	-0.80078
0.00820	-0.42969
0.00840	-0.04883
0.00860	0.33203
0.00880	0.70801
0.00900	1.07422
0.00920	1.42090
0.00940	1.74316
0.00960	2.04102
0.00980	2.30469
0.01000	2.53418
0.01020	2.71973
0.01040	2.86621
0.01060	2.96875
0.01080	3.02246
0.01100	3.02734
0.01120	2.98828
0.01140	2.90039
0.01160	2.76367
0.01180	2.58789
0.01200	2.36816
0.01220	2.11426
0.01240	1.82617
0.01260	1.50879
0.01280	1.16699
0.01300	0.80566
0.01320	0.43457
0.01340	0.05859
0.01360	-0.32227
0.01380	-0.70313
0.01400	-1.06445
0.01420	-1.41113
0.01440	-1.73340
0.01460	-2.03125
0.01480	-2.29980
0.01500	-2.52441
0.01520	-2.71484
0.01540	-2.86133
0.01560	-2.95898
0.01580	-3.01270
0.01600	-3.02246
0.01620	-2.97852
0.01640	-2.89063
0.01660	-2.75879
0.01680	-2.57813
0.01700	-2.36328
0.01720	-2.10449
0.01740	-1.81641
0.01760	-1.49902
0.01780	-1.15723
0.01800	-0.80078
0.01820	-0.42480
0.01840	-0.04395
0.01860	0.33203
0.01880	0.70801
0.01900	1.07422
0.01920	1.42090
0.01940	1.74316
0.01960	2.04102
0.01980	2.30469
0.02000	2.53418
0.02020	2.72461
0.02040	2.86621
0.02060	2.96875
0.02080	3.02246
0.02100	3.02734
0.02120	2.98828
0.02140	2.90039
0.02160	2.76367
0.02180	2.58789
0.02200	2.36816
0.02220	2.11426
0.02240	1.82617
0.02260	1.50879
0.02280	1.16699
0.02300	0.81055
0.02320	0.43457
0.02340	0.05859
0.02360	-0.32227
0.02380	-0.69824
0.02400	-1.06445
0.02420	-1.41113
0.02440	-1.73340
0.02460	-2.03125
0.02480	-2.29492
0.02500	-2.52441
0.02520	-2.71484
0.02540	-2.86133
0.02560	-2.95898
0.02580	-3.01270
0.02600	-3.01758
0.02620	-2.97852
0.02640	-2.89063
0.02660	-2.75879
0.02680	-2.57813
0.02700	-2.36328
0.02720	-2.10449
0.02740	-1.81641
0.02760	-1.49902
0.02780	-1.15723
0.02800	-0.80078
0.02820	-0.42480
0.02840	-0.04395
0.02860	0.33691
0.02880	0.71289
0.02900	1.07422
0.02920	1.42090
0.02940	1.74805
0.02960	2.04102
0.02980	2.30469
0.03000	2.53418
0.03020	2.72461
0.03040	2.87109
0.03060	2.96875
0.03080	3.02246
0.03100	3.03223
0.03120	2.98828
0.03140	2.90039
0.03160	2.76367
0.03180	2.58789
0.03200	2.36816
0.03220	2.11426
0.03240	1.82617
0.03260	1.50879
0.03280	1.16699
0.03300	0.81055
0.03320	0.43457
0.03340	0.05859
0.03360	-0.32715
0.03380	-0.69824
0.03400	-1.06445
0.03420	-1.41113
0.03440	-1.73340
0.03460	-2.03613
0.03480	-2.29980
0.03500	-2.52441
0.03520	-2.71484
0.03540	-2.85645
0.03560	-2.95898
0.03580	-3.01270
0.03600	-3.01758
0.03620	-2.97852
0.03640	-2.89063
0.03660	-2.75879
0.03680	-2.57813
0.03700	-2.36328
0.03720	-2.10449
0.03740	-1.81641
0.03760	-1.49902
0.03780	-1.15723
0.03800	-0.79590
0.03820	-0.42480
0.03840	-0.04395
0.03860	0.33691
0.03880	0.70801
0.03900	1.07422
0.03920	1.42090
0.03940	1.74316
0.03960	2.04102
0.03980	2.30957
0.04000	2.53418
0.04020	2.72461
0.04040	2.87109
0.04060	2.96875
0.04080	3.02246
0.04100	3.03223
0.04120	2.98828
0.04140	2.90039
0.04160	2.76367
0.04180	2.58789
0.04200	2.36816
0.04220	2.11426
0.04240	1.82617
0.04260	1.50879
0.04280	1.16699
0.04300	0.81055
0.04320	0.43457
0.04340	0.05859
0.04360	-0.32715
0.04380	-0.69824
0.04400	-1.06445
0.04420	-1.41113
0.04440	-1.73340
0.04460	-2.03125
0.04480	-2.29980
0.04500	-2.52441
0.04520	-2.71484
0.04540	-2.86133
0.04560	-2.95898
0.04580	-3.01270
0.04600	-3.02246
0.04620	-2.97852
0.04640	-2.89063
0.04660	-2.75879
0.04680	-2.57813
0.04700	-2.35840
0.04720	-2.10449
0.04740	-1.81641
0.04760	-1.49902
0.04780	-1.15723
0.04800	-0.80078
0.04820	-0.42480
0.04840	-0.04395
0.04860	0.33691
0.04880	0.70801
0.04900	1.07422
0.04920	1.42090
0.04940	1.74316
0.04960	2.04102
0.04980	2.30469
0.05000	2.53418
0.05020	2.71973
0.05040	2.87109
0.05060	2.96875
0.05080	3.02246
0.05100	3.02734
0.05120	2.98828
0.05140	2.90039
0.05160	2.76367
0.05180	2.58789
0.05200	2.36816
0.05220	2.11426
0.05240	1.82617
0.05260	1.50391
0.05280	1.16699
0.05300	0.80566
0.05320	0.43457
0.05340	0.05371
0.05360	-0.32227
0.05380	-0.70313
0.05400	-1.06445
0.05420	-1.41113
0.05440	-1.73828
0.05460	-2.03613
0.05480	-2.29980
0.05500	-2.52930
0.05520	-2.71484
0.05540	-2.86133
0.05560	-2.95898
0.05580	-3.01758
0.05600	-3.02246
0.05620	-2.97852
0.05640	-2.89063
0.05660	-2.75879
0.05680	-2.58301
0.05700	-2.36328
0.05720	-2.10938
0.05740	-1.81641
0.05760	-1.49902
0.05780	-1.15723
0.05800	-0.80078
0.05820	-0.42480
0.05840	-0.04395
0.05860	0.33203
0.05880	0.70801
0.05900	1.07422
0.05920	1.41602
0.05940	1.74316
0.05960	2.04102
0.05980	2.30469
0.06000	2.53418
0.06020	2.72461
0.06040	2.86621
0.06060	2.96875
0.06080	3.02246
0.06100	3.02734
0.06120	2.98828
0.06140	2.89551
0.06160	2.76367
0.06180	2.58789
0.06200	2.36816
0.06220	2.11426
0.06240	1.82617
0.06260	1.50391
0.06280	1.16211
0.06300	0.80566
0.06320	0.43457
0.06340	0.05371
0.06360	-0.32715
0.06380	-0.70313
0.06400	-1.06445
0.06420	-1.41113
0.06440	-1.73828
0.06460	-2.03613
0.06480	-2.29980
0.06500	-2.52930
0.06520	-2.71484
0.06540	-2.86133
0.06560	-2.96387
0.06580	-3.01758
0.06600	-3.02246
0.06620	-2.98340
0.06640	-2.89551
0.06660	-2.75879
0.06680	-2.58301
0.06700	-2.36328
0.06720	-2.10938
0.06740	-1.82129
0.06760	-1.50391
0.06780	-1.16211
0.06800	-0.80078
0.06820	-0.42480
0.06840	-0.04883
0.06860	0.33203
0.06880	0.71289
0.06900	1.06934
0.06920	1.41602
0.06940	1.74316
0.06960	2.04102
0.06980	2.30469
0.07000	2.53418
0.07020	2.71973
0.07040	2.86621
0.07060	2.96875
0.07080	3.02246
0.07100	3.02734
0.07120	2.98340
0.07140	2.90039
0.07160	2.76367
0.07180	2.58301
0.07200	2.36816
0.07220	2.10938
0.07240	1.82129
0.07260	1.50391
0.07280	1.16699
0.07300	0.80566
0.07320	0.43457
0.07340	0.05371
0.07360	-0.32715
0.07380	-0.70313
0.07400	-1.06934
0.07420	-1.41602
0.07440	-1.73828
0.07460	-2.03613
0.07480	-2.29980
0.07500	-2.52441
0.07520	-2.71484
0.07540	-2.86133
0.07560	-2.96387
0.07580	-3.01758
0.07600	-3.02246
0.07620	-2.98340
0.07640	-2.89551
0.07660	-2.75879
0.07680	-2.57813
0.07700	-2.36328
0.07720	-2.10938
0.07740	-1.81641
0.07760	-1.49902
0.07780	-1.15723
0.07800	-0.80078
0.07820	-0.42480
0.07840	-0.04395
0.07860	0.33691
0.07880	0.70801
0.07900	1.07422
0.07920	1.42090
0.07940	1.74316
0.07960	2.04102
0.07980	2.30469
0.08000	2.53418
0.08020	2.72461
0.08040	2.86621
0.08060	2.96387
0.08080	3.01758
0.08100	3.02734
0.08120	2.98828
0.08140	2.90039
0.08160	2.76367
0.08180	2.58789
0.08200	2.36816
0.08220	2.11426
0.08240	1.82129
0.08260	1.50391
0.08280	1.16211
0.08300	0.80566
0.08320	0.43457
0.08340	0.05371
0.08360	-0.32715
0.08380	-0.70313
0.08400	-1.06934
0.08420	-1.41113
0.08440	-1.73828
0.08460	-2.03613
0.08480	-2.29980
0.08500	-2.52930
0.08520	-2.71484
0.08540	-2.86133
0.08560	-2.96387
0.08580	-3.01758
0.08600	-3.02246
0.08620	-2.97852
0.08640	-2.89063
0.08660	-2.75879
0.08680	-2.57813
0.08700	-2.36328
0.08720	-2.10938
0.08740	-1.82129
0.08760	-1.49902
0.08780	-1.15723
0.08800	-0.79590
0.08820	-0.42480
0.08840	-0.04395
0.08860	0.33691
0.08880	0.70801
0.08900	1.07422
0.08920	1.42090
0.08940	1.74316
0.08960	2.04102
0.08980	2.30469
0.09000	2.53418
0.09020	2.72461
0.09040	2.86621
0.09060	2.96875
0.09080	3.02246
0.09100	3.02734
0.09120	2.98828
0.09140	2.90039
0.09160	2.76367
0.09180	2.58301
0.09200	2.36816
0.09220	2.11426
0.09240	1.82617
0.09260	1.50391
0.09280	1.16699
0.09300	0.80566
0.09320	0.43457
0.09340	0.05371
0.09360	-0.32715
0.09380	-0.70313
0.09400	-1.06934
0.09420	-1.41602
0.09440	-1.73340
0.09460	-2.03613
0.09480	-2.29980
0.09500	-2.52441
0.09520	-2.71484
0.09540	-2.86133
0.09560	-2.96387
0.09580	-3.01758
0.09600	-3.02246
0.09620	-2.98340
0.09640	-2.89063
0.09660	-2.75879
0.09680	-2.57813
0.09700	-2.36328
0.09720	-2.10938
0.09740	-1.81641
0.09760	-1.49902
0.09780	-1.15723
0.09800	-0.80078
0.09820	-0.42480
0.09840	-0.04395
0.09860	0.33691
0.09880	0.71289
0.09900	1.07422
0.09920	1.42090
0.09940	1.74805
0.09960	2.04102
0.09980	2.30469
